Actual values for housing is [13.9, 16.6, 14.8, 18.4, 21.0, 16.6, 14.4, 19.4, 20.0, 20.8, 21.2, 20.3, 28.0, 27.5, 26.5, 18.6, 19.3, 23.0, 18.4, 15.6, 18.1, 17.4, 15.6, 14.6, 23.8, 23.8, 22.3, 17.4, 29.8, 34.9, 37.0, 30.5, 36.4, 26.7, 21.7, 27.5, 26.2, 24.4, 24.8, 29.6, 42.8, 30.1, 33.8, 22.0, 20.1, 23.2, 18.2, 20.6, 17.8, 21.7, 22.7, 22.6, 13.8, 15.0, 27.5, 15.0, 17.2, 17.9, 16.3, 10.2, 10.9, 11.0, 11.8, 14.9, 12.6, 19.9, 19.0, 19.1, 19.1, 13.6, 20.1, 21.8, 24.5, 23.1]
Predicted values are [12.89601587 15.08480652 14.14860902 19.28346642 20.62441232 17.62638194
  8.06630128 16.79766039 22.42117946 22.76515103 20.47101225 21.82726572
 28.30091981 24.40357762 25.45408692 19.49148616 20.00375136 19.46329612
 14.93993312 12.29624758 16.34220081 14.97974654 15.83457878  7.87499641
 22.98187086 26.49665188 26.71380083 22.42973877 32.40553743 34.46425864
 30.39513616 30.03396417 32.703242   34.16265404 24.10820509 32.99344005
 23.50402945 23.71822828 24.66694602 24.2994886  29.2129179  36.32323393
 35.81453251 26.87358108 19.10110163 26.85320042 13.07264945 15.44988802
 19.92615667 23.1354172  22.69039895 19.24158123 -0.20477172 25.48651721
 19.52602437 15.78762417 16.49976921  0.67980639 11.72260854 15.96229042
 14.09058822 13.65398333 11.33040202 17.5051086  18.07776724 17.49358502
 13.9234283  16.4244096  16.55495335 11.83088818 14.16575006 20.44833918
 20.24291685 16.15286632]
MSE for housing is: 22.63825629658112
Mean of the MSE spam: 0.11265844189233765